[system variables]
J = 0.224
D = -0.2533333333333333 -0.0 -0.0 -0.0 -0.2533333333333333 -0.0 -0.0 -0.0 +0.5066666666666666
kS = 10.0
kT = 1.0
[electron 1]
g = 2.0023193
I = 3
N_I = 1
A1 = 0.0 0.0 0.0 0.0 0.0 0.0 0.0 0.0 0.0
[electron 2]
g = 2.0023193
I = 2
N_I = 1
A1 = 0.0 0.0 0.0 0.0 0.0 0.0 0.0 0.0 0.0
[simulation parameters]
simulation_type = SW
output_folder = out
seed = 42 99
B = 0.05
initial_state = singlet
simulation_time = 201.0
dt = 1.0
N_krylov = 7
integrator_tolerance = 1e-08
N_samples = 10000
